(kicad_pcb (version 20171130) (host pcbnew "(5.0.0-rc3-dev-2-g101b68b61)")

  (general
    (thickness 1.6002)
    (drawings 15)
    (tracks 474)
    (zones 0)
    (modules 47)
    (nets 43)
  )

  (page A4)
  (layers
    (0 F.Cu signal)
    (31 B.Cu signal)
    (32 B.Adhes user)
    (33 F.Adhes user)
    (34 B.Paste user)
    (35 F.Paste user)
    (36 B.SilkS user)
    (37 F.SilkS user)
    (38 B.Mask user)
    (39 F.Mask user)
    (40 Dwgs.User user hide)
    (41 Cmts.User user)
    (42 Eco1.User user)
    (43 Eco2.User user)
    (44 Edge.Cuts user)
    (45 Margin user)
    (46 B.CrtYd user)
    (47 F.CrtYd user)
    (48 B.Fab user hide)
    (49 F.Fab user hide)
  )

  (setup
    (last_trace_width 0.1524)
    (trace_clearance 0.1524)
    (zone_clearance 0.508)
    (zone_45_only no)
    (trace_min 0.1524)
    (segment_width 0.2)
    (edge_width 0.15)
    (via_size 0.6858)
    (via_drill 0.3302)
    (via_min_size 0.508)
    (via_min_drill 0.254)
    (uvia_size 0.6858)
    (uvia_drill 0.3302)
    (uvias_allowed no)
    (uvia_min_size 0.2)
    (uvia_min_drill 0.1)
    (pcb_text_width 0.3)
    (pcb_text_size 1.5 1.5)
    (mod_edge_width 0.15)
    (mod_text_size 1 1)
    (mod_text_width 0.15)
    (pad_size 1.524 1.524)
    (pad_drill 0.762)
    (pad_to_mask_clearance 0.0508)
    (aux_axis_origin 0 0)
    (grid_origin 127 101.6)
    (visible_elements FFFFFF7F)
    (pcbplotparams
      (layerselection 0x010fc_ffffffff)
      (usegerberextensions false)
      (usegerberattributes false)
      (usegerberadvancedattributes false)
      (creategerberjobfile false)
      (excludeedgelayer true)
      (linewidth 0.100000)
      (plotframeref false)
      (viasonmask false)
      (mode 1)
      (useauxorigin false)
      (hpglpennumber 1)
      (hpglpenspeed 20)
      (hpglpendiameter 15.000000)
      (psnegative false)
      (psa4output false)
      (plotreference true)
      (plotvalue true)
      (plotinvisibletext false)
      (padsonsilk false)
      (subtractmaskfromsilk false)
      (outputformat 1)
      (mirror false)
      (drillshape 1)
      (scaleselection 1)
      (outputdirectory ""))
  )

  (net 0 "")
  (net 1 VDD)
  (net 2 "Net-(BOOT1-Pad2)")
  (net 3 GND)
  (net 4 "Net-(BOOT2-Pad2)")
  (net 5 VCC)
  (net 6 "Net-(C4-Pad1)")
  (net 7 "Net-(C5-Pad1)")
  (net 8 "Net-(C12-Pad1)")
  (net 9 "Net-(C13-Pad1)")
  (net 10 "Net-(C14-Pad1)")
  (net 11 /~RESET)
  (net 12 "Net-(D1-Pad2)")
  (net 13 "Net-(D1-Pad1)")
  (net 14 "Net-(D2-Pad2)")
  (net 15 "Net-(D2-Pad1)")
  (net 16 "Net-(D3-Pad1)")
  (net 17 "Net-(D3-Pad2)")
  (net 18 "Net-(D4-Pad1)")
  (net 19 "Net-(D4-Pad2)")
  (net 20 /SWCLK)
  (net 21 /I2C1_SDA)
  (net 22 /I2C1_SCL)
  (net 23 /SWDIO)
  (net 24 /USART1_RX)
  (net 25 /USART1_TX)
  (net 26 "Net-(R1-Pad1)")
  (net 27 /BOOT0)
  (net 28 /BOOT1)
  (net 29 "Net-(U2-Pad3)")
  (net 30 /ESP_GPIO0)
  (net 31 /ESP_GPIO2)
  (net 32 /ESP_ENABLE)
  (net 33 /ESP_NRST)
  (net 34 /ESP_WAKE)
  (net 35 /USART3_TX)
  (net 36 /USART3_RX)
  (net 37 /SPI2_NSS)
  (net 38 /SPI2_SCK)
  (net 39 /SPI2_MISO)
  (net 40 /SPI2_MOSI)
  (net 41 /USB_D+)
  (net 42 /USB_D-)

  (net_class Default "This is the default net class."
    (clearance 0.1524)
    (trace_width 0.1524)
    (via_dia 0.6858)
    (via_drill 0.3302)
    (uvia_dia 0.6858)
    (uvia_drill 0.3302)
    (diff_pair_gap 0.254)
    (diff_pair_width 0.1524)
    (add_net /BOOT0)
    (add_net /BOOT1)
    (add_net /ESP_ENABLE)
    (add_net /ESP_GPIO0)
    (add_net /ESP_GPIO2)
    (add_net /ESP_NRST)
    (add_net /ESP_WAKE)
    (add_net /I2C1_SCL)
    (add_net /I2C1_SDA)
    (add_net /SPI2_MISO)
    (add_net /SPI2_MOSI)
    (add_net /SPI2_NSS)
    (add_net /SPI2_SCK)
    (add_net /SWCLK)
    (add_net /SWDIO)
    (add_net /USART1_RX)
    (add_net /USART1_TX)
    (add_net /USART3_RX)
    (add_net /USART3_TX)
    (add_net /USB_D+)
    (add_net /USB_D-)
    (add_net /~RESET)
    (add_net "Net-(BOOT1-Pad2)")
    (add_net "Net-(BOOT2-Pad2)")
    (add_net "Net-(C12-Pad1)")
    (add_net "Net-(C13-Pad1)")
    (add_net "Net-(C14-Pad1)")
    (add_net "Net-(C4-Pad1)")
    (add_net "Net-(C5-Pad1)")
    (add_net "Net-(D1-Pad1)")
    (add_net "Net-(D1-Pad2)")
    (add_net "Net-(D2-Pad1)")
    (add_net "Net-(D2-Pad2)")
    (add_net "Net-(D3-Pad1)")
    (add_net "Net-(D3-Pad2)")
    (add_net "Net-(D4-Pad1)")
    (add_net "Net-(D4-Pad2)")
    (add_net "Net-(R1-Pad1)")
    (add_net "Net-(U2-Pad3)")
  )

  (net_class Power ""
    (clearance 0.1524)
    (trace_width 0.38608)
    (via_dia 0.6858)
    (via_drill 0.3302)
    (uvia_dia 0.6858)
    (uvia_drill 0.3302)
    (diff_pair_gap 0.254)
    (diff_pair_width 0.1524)
    (add_net GND)
    (add_net VCC)
    (add_net VDD)
  )

  (module Connector_Molex:Molex_KK-254_AE-6410-06A_1x06_P2.54mm_Vertical (layer B.Cu) (tedit 5A15A247) (tstamp 5B610A17)
    (at 148.59 107.95 90)
    (descr "Molex KK-254 Interconnect System, old/engineering part number: AE-6410-06A example for new part number: 22-27-2061, 6 Pins (http://www.molex.com/pdm_docs/sd/022272021_sd.pdf), generated with kicad-footprint-generator")
    (tags "connector Molex KK-254 side entry")
    (path /5B5FBFA4)
    (fp_text reference J4 (at 6.35 4.12 90) (layer B.SilkS)
      (effects (font (size 1 1) (thickness 0.15)) (justify mirror))
    )
    (fp_text value Conn_01x06_Male (at 6.35 -4.08 90) (layer B.Fab)
      (effects (font (size 1 1) (thickness 0.15)) (justify mirror))
    )
    (fp_text user %R (at 6.35 2.22 90) (layer B.Fab)
      (effects (font (size 1 1) (thickness 0.15)) (justify mirror))
    )
    (fp_line (start 14.47 3.42) (end -1.77 3.42) (layer B.CrtYd) (width 0.05))
    (fp_line (start 14.47 -3.38) (end 14.47 3.42) (layer B.CrtYd) (width 0.05))
    (fp_line (start -1.77 -3.38) (end 14.47 -3.38) (layer B.CrtYd) (width 0.05))
    (fp_line (start -1.77 3.42) (end -1.77 -3.38) (layer B.CrtYd) (width 0.05))
    (fp_line (start 13.5 2.43) (end 13.5 3.03) (layer B.SilkS) (width 0.12))
    (fp_line (start 11.9 2.43) (end 13.5 2.43) (layer B.SilkS) (width 0.12))
    (fp_line (start 11.9 3.03) (end 11.9 2.43) (layer B.SilkS) (width 0.12))
    (fp_line (start 10.96 2.43) (end 10.96 3.03) (layer B.SilkS) (width 0.12))
    (fp_line (start 9.36 2.43) (end 10.96 2.43) (layer B.SilkS) (width 0.12))
    (fp_line (start 9.36 3.03) (end 9.36 2.43) (layer B.SilkS) (width 0.12))
    (fp_line (start 8.42 2.43) (end 8.42 3.03) (layer B.SilkS) (width 0.12))
    (fp_line (start 6.82 2.43) (end 8.42 2.43) (layer B.SilkS) (width 0.12))
    (fp_line (start 6.82 3.03) (end 6.82 2.43) (layer B.SilkS) (width 0.12))
    (fp_line (start 5.88 2.43) (end 5.88 3.03) (layer B.SilkS) (width 0.12))
    (fp_line (start 4.28 2.43) (end 5.88 2.43) (layer B.SilkS) (width 0.12))
    (fp_line (start 4.28 3.03) (end 4.28 2.43) (layer B.SilkS) (width 0.12))
    (fp_line (start 3.34 2.43) (end 3.34 3.03) (layer B.SilkS) (width 0.12))
    (fp_line (start 1.74 2.43) (end 3.34 2.43) (layer B.SilkS) (width 0.12))
    (fp_line (start 1.74 3.03) (end 1.74 2.43) (layer B.SilkS) (width 0.12))
    (fp_line (start 0.8 2.43) (end 0.8 3.03) (layer B.SilkS) (width 0.12))
    (fp_line (start -0.8 2.43) (end 0.8 2.43) (layer B.SilkS) (width 0.12))
    (fp_line (start -0.8 3.03) (end -0.8 2.43) (layer B.SilkS) (width 0.12))
    (fp_line (start 12.45 -2.99) (end 12.45 -1.99) (layer B.SilkS) (width 0.12))
    (fp_line (start 0.25 -2.99) (end 0.25 -1.99) (layer B.SilkS) (width 0.12))
    (fp_line (start 12.45 -1.46) (end 12.7 -1.99) (layer B.SilkS) (width 0.12))
    (fp_line (start 0.25 -1.46) (end 12.45 -1.46) (layer B.SilkS) (width 0.12))
    (fp_line (start 0 -1.99) (end 0.25 -1.46) (layer B.SilkS) (width 0.12))
    (fp_line (start 12.7 -1.99) (end 12.7 -2.99) (layer B.SilkS) (width 0.12))
    (fp_line (start 0 -1.99) (end 12.7 -1.99) (layer B.SilkS) (width 0.12))
    (fp_line (start 0 -2.99) (end 0 -1.99) (layer B.SilkS) (width 0.12))
    (fp_line (start -0.562893 0) (end -1.27 -0.5) (layer B.Fab) (width 0.1))
    (fp_line (start -1.27 0.5) (end -0.562893 0) (layer B.Fab) (width 0.1))
    (fp_line (start -1.67 2) (end -1.67 -2) (layer B.SilkS) (width 0.12))
    (fp_line (start 14.08 3.03) (end -1.38 3.03) (layer B.SilkS) (width 0.12))
    (fp_line (start 14.08 -2.99) (end 14.08 3.03) (layer B.SilkS) (width 0.12))
    (fp_line (start -1.38 -2.99) (end 14.08 -2.99) (layer B.SilkS) (width 0.12))
    (fp_line (start -1.38 3.03) (end -1.38 -2.99) (layer B.SilkS) (width 0.12))
    (fp_line (start 13.97 2.92) (end -1.27 2.92) (layer B.Fab) (width 0.1))
    (fp_line (start 13.97 -2.88) (end 13.97 2.92) (layer B.Fab) (width 0.1))
    (fp_line (start -1.27 -2.88) (end 13.97 -2.88) (layer B.Fab) (width 0.1))
    (fp_line (start -1.27 2.92) (end -1.27 -2.88) (layer B.Fab) (width 0.1))
    (pad 6 thru_hole oval (at 12.7 0 90) (size 1.74 2.2) (drill 1.2) (layers *.Cu *.Mask)
      (net 3 GND))
    (pad 5 thru_hole oval (at 10.16 0 90) (size 1.74 2.2) (drill 1.2) (layers *.Cu *.Mask)
      (net 1 VDD))
    (pad 4 thru_hole oval (at 7.62 0 90) (size 1.74 2.2) (drill 1.2) (layers *.Cu *.Mask)
      (net 22 /I2C1_SCL))
    (pad 3 thru_hole oval (at 5.08 0 90) (size 1.74 2.2) (drill 1.2) (layers *.Cu *.Mask)
      (net 21 /I2C1_SDA))
    (pad 2 thru_hole oval (at 2.54 0 90) (size 1.74 2.2) (drill 1.2) (layers *.Cu *.Mask)
      (net 3 GND))
    (pad 1 thru_hole rect (at 0 0 90) (size 1.74 2.2) (drill 1.2) (layers *.Cu *.Mask)
      (net 5 VCC))
    (model ${KISYS3DMOD}/Connector_Molex.3dshapes/Molex_KK-254_AE-6410-06A_1x06_P2.54mm_Vertical.wrl
      (at (xyz 0 0 0))
      (scale (xyz 1 1 1))
      (rotate (xyz 0 0 0))
    )
  )

  (module digikey-footprints:SOT-223 (layer B.Cu) (tedit 5B07037E) (tstamp 5B610B0D)
    (at 142.24 88.9)
    (path /5B585257)
    (fp_text reference U1 (at 0 6.1) (layer B.SilkS)
      (effects (font (size 1 1) (thickness 0.15)) (justify mirror))
    )
    (fp_text value AP2114H-3_3TRG1 (at 0.15 -5.65) (layer B.Fab)
      (effects (font (size 1 1) (thickness 0.15)) (justify mirror))
    )
    (fp_line (start -3.275 -0.975) (end -3.275 -1.45) (layer B.SilkS) (width 0.1))
    (fp_line (start -3.275 -1.45) (end -2.975 -1.775) (layer B.SilkS) (width 0.1))
    (fp_line (start -2.975 -1.775) (end -2.975 -1.97) (layer B.SilkS) (width 0.1))
    (fp_line (start -3.45 -4.45) (end 3.45 -4.45) (layer B.CrtYd) (width 0.05))
    (fp_line (start -3.45 4.45) (end -3.45 -4.45) (layer B.CrtYd) (width 0.05))
    (fp_line (start 3.45 4.45) (end -3.45 4.45) (layer B.CrtYd) (width 0.05))
    (fp_line (start 3.45 4.45) (end 3.45 -4.45) (layer B.CrtYd) (width 0.05))
    (fp_line (start -3.15 -1.35) (end -3.15 1.65) (layer B.Fab) (width 0.1))
    (fp_line (start 3.15 -1.65) (end -2.875 -1.65) (layer B.Fab) (width 0.1))
    (fp_line (start -3.15 -1.35) (end -2.875 -1.65) (layer B.Fab) (width 0.1))
    (fp_line (start 3.275 -1.3) (end 3.275 -1.775) (layer B.SilkS) (width 0.1))
    (fp_line (start 3.275 -1.775) (end 2.825 -1.775) (layer B.SilkS) (width 0.1))
    (fp_line (start -2.775 1.775) (end -3.275 1.775) (layer B.SilkS) (width 0.1))
    (fp_line (start -3.275 1.775) (end -3.275 1.375) (layer B.SilkS) (width 0.1))
    (fp_line (start 2.9 1.775) (end 3.275 1.775) (layer B.SilkS) (width 0.1))
    (fp_line (start 3.275 1.775) (end 3.275 1.475) (layer B.SilkS) (width 0.1))
    (fp_text user %R (at -0.05 -0.025) (layer B.Fab)
      (effects (font (size 1 1) (thickness 0.15)) (justify mirror))
    )
    (fp_line (start -3.15 1.65) (end 3.15 1.65) (layer B.Fab) (width 0.1))
    (fp_line (start 3.15 1.65) (end 3.15 -1.65) (layer B.Fab) (width 0.1))
    (pad 3 smd rect (at 2.3 -3.15) (size 1.5 2.2) (layers B.Cu B.Paste B.Mask)
      (net 5 VCC))
    (pad 2 smd rect (at 0 -3.15) (size 1.5 2.2) (layers B.Cu B.Paste B.Mask)
      (net 1 VDD))
    (pad 1 smd rect (at -2.3 -3.15) (size 1.5 2.2) (layers B.Cu B.Paste B.Mask)
      (net 3 GND))
    (pad 4 smd rect (at 0 3.15) (size 3.8 2.2) (layers B.Cu B.Paste B.Mask)
      (net 1 VDD))
  )

  (module MountingHole:MountingHole_2.2mm_M2_DIN965_Pad (layer F.Cu) (tedit 5B54DF48) (tstamp 5B6B4645)
    (at 148.844 112.776)
    (descr "Mounting Hole 2.2mm, M2, DIN965")
    (tags "mounting hole 2.2mm m2 din965")
    (path /5B65E33E)
    (attr virtual)
    (fp_text reference MK4 (at 0 -2.9) (layer F.SilkS)
      (effects (font (size 1 1) (thickness 0.15)))
    )
    (fp_text value Mounting_Hole_PAD (at 0 2.9) (layer F.Fab)
      (effects (font (size 1 1) (thickness 0.15)))
    )
    (fp_circle (center 0 0) (end 2.15 0) (layer F.CrtYd) (width 0.05))
    (fp_circle (center 0 0) (end 1.9 0) (layer Cmts.User) (width 0.15))
    (fp_text user %R (at 0.3 0) (layer F.Fab)
      (effects (font (size 1 1) (thickness 0.15)))
    )
    (pad 1 thru_hole circle (at 0 0) (size 3.8 3.8) (drill 2.2) (layers *.Cu *.Mask)
      (net 1 VDD))
  )

  (module MountingHole:MountingHole_2.2mm_M2_DIN965_Pad (layer F.Cu) (tedit 5B54DF44) (tstamp 5B6B463E)
    (at 105.41 112.776)
    (descr "Mounting Hole 2.2mm, M2, DIN965")
    (tags "mounting hole 2.2mm m2 din965")
    (path /5B65E2D2)
    (attr virtual)
    (fp_text reference MK3 (at 0 -2.9) (layer F.SilkS)
      (effects (font (size 1 1) (thickness 0.15)))
    )
    (fp_text value Mounting_Hole_PAD (at 0 2.9) (layer F.Fab)
      (effects (font (size 1 1) (thickness 0.15)))
    )
    (fp_circle (center 0 0) (end 2.15 0) (layer F.CrtYd) (width 0.05))
    (fp_circle (center 0 0) (end 1.9 0) (layer Cmts.User) (width 0.15))
    (fp_text user %R (at 0.3 0) (layer F.Fab)
      (effects (font (size 1 1) (thickness 0.15)))
    )
    (pad 1 thru_hole circle (at 0 0) (size 3.8 3.8) (drill 2.2) (layers *.Cu *.Mask)
      (net 1 VDD))
  )

  (module MountingHole:MountingHole_2.2mm_M2_DIN965_Pad (layer F.Cu) (tedit 5B54DF41) (tstamp 5B6B4637)
    (at 148.844 90.17)
    (descr "Mounting Hole 2.2mm, M2, DIN965")
    (tags "mounting hole 2.2mm m2 din965")
    (path /5B65E262)
    (attr virtual)
    (fp_text reference MK2 (at 0 -2.9) (layer F.SilkS)
      (effects (font (size 1 1) (thickness 0.15)))
    )
    (fp_text value Mounting_Hole_PAD (at 0 2.9) (layer F.Fab)
      (effects (font (size 1 1) (thickness 0.15)))
    )
    (fp_circle (center 0 0) (end 2.15 0) (layer F.CrtYd) (width 0.05))
    (fp_circle (center 0 0) (end 1.9 0) (layer Cmts.User) (width 0.15))
    (fp_text user %R (at 0.3 0) (layer F.Fab)
      (effects (font (size 1 1) (thickness 0.15)))
    )
    (pad 1 thru_hole circle (at 0 0) (size 3.8 3.8) (drill 2.2) (layers *.Cu *.Mask)
      (net 3 GND))
  )

  (module digikey-footprints:Switch_Slide_11.6x4mm_EG1218 (layer B.Cu) (tedit 5A1EC915) (tstamp 5B6107FA)
    (at 118.11 88.9 270)
    (descr http://spec_sheets.e-switch.com/specs/P040040.pdf)
    (path /5B41BCC5)
    (fp_text reference BOOT1 (at 2.49 3.02 270) (layer B.SilkS)
      (effects (font (size 1 1) (thickness 0.15)) (justify mirror))
    )
    (fp_text value EG1218 (at 2.11 -3.14 270) (layer B.Fab)
      (effects (font (size 1 1) (thickness 0.15)) (justify mirror))
    )
    (fp_text user %R (at 2.5 0 270) (layer B.Fab)
      (effects (font (size 1 1) (thickness 0.15)) (justify mirror))
    )
    (fp_line (start -3.67 -2.25) (end -3.67 2.25) (layer B.CrtYd) (width 0.05))
    (fp_line (start -3.67 -2.25) (end 8.43 -2.25) (layer B.CrtYd) (width 0.05))
    (fp_line (start 8.43 -2.25) (end 8.43 2.25) (layer B.CrtYd) (width 0.05))
    (fp_line (start -3.67 2.25) (end 8.43 2.25) (layer B.CrtYd) (width 0.05))
    (fp_line (start 8.3 -2.1) (end 7.8 -2.1) (layer B.SilkS) (width 0.1))
    (fp_line (start 8.3 -2.1) (end 8.3 -1.6) (layer B.SilkS) (width 0.1))
    (fp_line (start -3.6 -2.1) (end -3.1 -2.1) (layer B.SilkS) (width 0.1))
    (fp_line (start -3.6 -2.1) (end -3.6 -1.6) (layer B.SilkS) (width 0.1))
    (fp_line (start -3.6 2.1) (end -3.1 2.1) (layer B.SilkS) (width 0.1))
    (fp_line (start -3.6 2.1) (end -3.6 1.6) (layer B.SilkS) (width 0.1))
    (fp_line (start 8.3 2.1) (end 8.3 1.6) (layer B.SilkS) (width 0.1))
    (fp_line (start 8.3 2.1) (end 7.8 2.1) (layer B.SilkS) (width 0.1))
    (fp_line (start -3.42 -2) (end 8.18 -2) (layer B.Fab) (width 0.1))
    (fp_line (start 8.18 -2) (end 8.18 2) (layer B.Fab) (width 0.1))
    (fp_line (start -3.42 -2) (end -3.42 2) (layer B.Fab) (width 0.1))
    (fp_line (start -3.42 2) (end 8.18 2) (layer B.Fab) (width 0.1))
    (pad 1 thru_hole rect (at 0 0 270) (size 1.9 1.9) (drill 0.9) (layers *.Cu *.Mask)
      (net 1 VDD))
    (pad 2 thru_hole circle (at 2.5 0 270) (size 1.9 1.9) (drill 0.9) (layers *.Cu *.Mask)
      (net 2 "Net-(BOOT1-Pad2)"))
    (pad 3 thru_hole circle (at 5 0 270) (size 1.9 1.9) (drill 0.9) (layers *.Cu *.Mask)
      (net 3 GND))
  )

  (module digikey-footprints:Switch_Slide_11.6x4mm_EG1218 (layer B.Cu) (tedit 5A1EC915) (tstamp 5B610812)
    (at 113.03 88.9 270)
    (descr http://spec_sheets.e-switch.com/specs/P040040.pdf)
    (path /5B4215B4)
    (fp_text reference BOOT2 (at 2.49 3.02 270) (layer B.SilkS)
      (effects (font (size 1 1) (thickness 0.15)) (justify mirror))
    )
    (fp_text value EG1218 (at 2.11 -3.14 270) (layer B.Fab)
      (effects (font (size 1 1) (thickness 0.15)) (justify mirror))
    )
    (fp_line (start -3.42 2) (end 8.18 2) (layer B.Fab) (width 0.1))
    (fp_line (start -3.42 -2) (end -3.42 2) (layer B.Fab) (width 0.1))
    (fp_line (start 8.18 -2) (end 8.18 2) (layer B.Fab) (width 0.1))
    (fp_line (start -3.42 -2) (end 8.18 -2) (layer B.Fab) (width 0.1))
    (fp_line (start 8.3 2.1) (end 7.8 2.1) (layer B.SilkS) (width 0.1))
    (fp_line (start 8.3 2.1) (end 8.3 1.6) (layer B.SilkS) (width 0.1))
    (fp_line (start -3.6 2.1) (end -3.6 1.6) (layer B.SilkS) (width 0.1))
    (fp_line (start -3.6 2.1) (end -3.1 2.1) (layer B.SilkS) (width 0.1))
    (fp_line (start -3.6 -2.1) (end -3.6 -1.6) (layer B.SilkS) (width 0.1))
    (fp_line (start -3.6 -2.1) (end -3.1 -2.1) (layer B.SilkS) (width 0.1))
    (fp_line (start 8.3 -2.1) (end 8.3 -1.6) (layer B.SilkS) (width 0.1))
    (fp_line (start 8.3 -2.1) (end 7.8 -2.1) (layer B.SilkS) (width 0.1))
    (fp_line (start -3.67 2.25) (end 8.43 2.25) (layer B.CrtYd) (width 0.05))
    (fp_line (start 8.43 -2.25) (end 8.43 2.25) (layer B.CrtYd) (width 0.05))
    (fp_line (start -3.67 -2.25) (end 8.43 -2.25) (layer B.CrtYd) (width 0.05))
    (fp_line (start -3.67 -2.25) (end -3.67 2.25) (layer B.CrtYd) (width 0.05))
    (fp_text user %R (at 2.5 0 270) (layer B.Fab)
      (effects (font (size 1 1) (thickness 0.15)) (justify mirror))
    )
    (pad 3 thru_hole circle (at 5 0 270) (size 1.9 1.9) (drill 0.9) (layers *.Cu *.Mask)
      (net 3 GND))
    (pad 2 thru_hole circle (at 2.5 0 270) (size 1.9 1.9) (drill 0.9) (layers *.Cu *.Mask)
      (net 4 "Net-(BOOT2-Pad2)"))
    (pad 1 thru_hole rect (at 0 0 270) (size 1.9 1.9) (drill 0.9) (layers *.Cu *.Mask)
      (net 1 VDD))
  )

  (module Capacitor_SMD:C_0603_1608Metric (layer B.Cu) (tedit 5B301BBE) (tstamp 5B610823)
    (at 146.558 86.5885 270)
    (descr "Capacitor SMD 0603 (1608 Metric), square (rectangular) end terminal, IPC_7351 nominal, (Body size source: http://www.tortai-tech.com/upload/download/2011102023233369053.pdf), generated with kicad-footprint-generator")
    (tags capacitor)
    (path /5B5987B7)
    (attr smd)
    (fp_text reference C1 (at 0 1.43 270) (layer B.SilkS)
      (effects (font (size 1 1) (thickness 0.15)) (justify mirror))
    )
    (fp_text value 4.7uF (at 0 -1.43 270) (layer B.Fab)
      (effects (font (size 1 1) (thickness 0.15)) (justify mirror))
    )
    (fp_text user %R (at 0 0 270) (layer B.Fab)
      (effects (font (size 0.4 0.4) (thickness 0.06)) (justify mirror))
    )
    (fp_line (start 1.48 -0.73) (end -1.48 -0.73) (layer B.CrtYd) (width 0.05))
    (fp_line (start 1.48 0.73) (end 1.48 -0.73) (layer B.CrtYd) (width 0.05))
    (fp_line (start -1.48 0.73) (end 1.48 0.73) (layer B.CrtYd) (width 0.05))
    (fp_line (start -1.48 -0.73) (end -1.48 0.73) (layer B.CrtYd) (width 0.05))
    (fp_line (start -0.162779 -0.51) (end 0.162779 -0.51) (layer B.SilkS) (width 0.12))
    (fp_line (start -0.162779 0.51) (end 0.162779 0.51) (layer B.SilkS) (width 0.12))
    (fp_line (start 0.8 -0.4) (end -0.8 -0.4) (layer B.Fab) (width 0.1))
    (fp_line (start 0.8 0.4) (end 0.8 -0.4) (layer B.Fab) (width 0.1))
    (fp_line (start -0.8 0.4) (end 0.8 0.4) (layer B.Fab) (width 0.1))
    (fp_line (start -0.8 -0.4) (end -0.8 0.4) (layer B.Fab) (width 0.1))
    (pad 2 smd roundrect (at 0.7875 0 270) (size 0.875 0.95) (layers B.Cu B.Paste B.Mask) (roundrect_rratio 0.25)
      (net 3 GND))
    (pad 1 smd roundrect (at -0.7875 0 270) (size 0.875 0.95) (layers B.Cu B.Paste B.Mask) (roundrect_rratio 0.25)
      (net 5 VCC))
    (model ${KISYS3DMOD}/Capacitor_SMD.3dshapes/C_0603_1608Metric.wrl
      (at (xyz 0 0 0))
      (scale (xyz 1 1 1))
      (rotate (xyz 0 0 0))
    )
  )

  (module Capacitor_SMD:C_0603_1608Metric (layer B.Cu) (tedit 5B301BBE) (tstamp 5B610834)
    (at 142.7225 83.566)
    (descr "Capacitor SMD 0603 (1608 Metric), square (rectangular) end terminal, IPC_7351 nominal, (Body size source: http://www.tortai-tech.com/upload/download/2011102023233369053.pdf), generated with kicad-footprint-generator")
    (tags capacitor)
    (path /5B59870B)
    (attr smd)
    (fp_text reference C2 (at 0 1.43) (layer B.SilkS)
      (effects (font (size 1 1) (thickness 0.15)) (justify mirror))
    )
    (fp_text value 4.7uF (at 0 -1.43) (layer B.Fab)
      (effects (font (size 1 1) (thickness 0.15)) (justify mirror))
    )
    (fp_line (start -0.8 -0.4) (end -0.8 0.4) (layer B.Fab) (width 0.1))
    (fp_line (start -0.8 0.4) (end 0.8 0.4) (layer B.Fab) (width 0.1))
    (fp_line (start 0.8 0.4) (end 0.8 -0.4) (layer B.Fab) (width 0.1))
    (fp_line (start 0.8 -0.4) (end -0.8 -0.4) (layer B.Fab) (width 0.1))
    (fp_line (start -0.162779 0.51) (end 0.162779 0.51) (layer B.SilkS) (width 0.12))
    (fp_line (start -0.162779 -0.51) (end 0.162779 -0.51) (layer B.SilkS) (width 0.12))
    (fp_line (start -1.48 -0.73) (end -1.48 0.73) (layer B.CrtYd) (width 0.05))
    (fp_line (start -1.48 0.73) (end 1.48 0.73) (layer B.CrtYd) (width 0.05))
    (fp_line (start 1.48 0.73) (end 1.48 -0.73) (layer B.CrtYd) (width 0.05))
    (fp_line (start 1.48 -0.73) (end -1.48 -0.73) (layer B.CrtYd) (width 0.05))
    (fp_text user %R (at 0 0) (layer B.Fab)
      (effects (font (size 0.4 0.4) (thickness 0.06)) (justify mirror))
    )
    (pad 1 smd roundrect (at -0.7875 0) (size 0.875 0.95) (layers B.Cu B.Paste B.Mask) (roundrect_rratio 0.25)
      (net 1 VDD))
    (pad 2 smd roundrect (at 0.7875 0) (size 0.875 0.95) (layers B.Cu B.Paste B.Mask) (roundrect_rratio 0.25)
      (net 3 GND))
    (model ${KISYS3DMOD}/Capacitor_SMD.3dshapes/C_0603_1608Metric.wrl
      (at (xyz 0 0 0))
      (scale (xyz 1 1 1))
      (rotate (xyz 0 0 0))
    )
  )

  (module Capacitor_SMD:C_0805_2012Metric (layer F.Cu) (tedit 5B36C52B) (tstamp 5B610845)
    (at 30.055001 68.025001)
    (descr "Capacitor SMD 0805 (2012 Metric), square (rectangular) end terminal, IPC_7351 nominal, (Body size source: https://docs.google.com/spreadsheets/d/1BsfQQcO9C6DZCsRaXUlFlo91Tg2WpOkGARC1WS5S8t0/edit?usp=sharing), generated with kicad-footprint-generator")
    (tags capacitor)
    (path /5B5A68F5)
    (attr smd)
    (fp_text reference C3 (at 0 -1.65) (layer F.SilkS)
      (effects (font (size 1 1) (thickness 0.15)))
    )
    (fp_text value 10uF (at 0 1.65) (layer F.Fab)
      (effects (font (size 1 1) (thickness 0.15)))
    )
    (fp_line (start -1 0.6) (end -1 -0.6) (layer F.Fab) (width 0.1))
    (fp_line (start -1 -0.6) (end 1 -0.6) (layer F.Fab) (width 0.1))
    (fp_line (start 1 -0.6) (end 1 0.6) (layer F.Fab) (width 0.1))
    (fp_line (start 1 0.6) (end -1 0.6) (layer F.Fab) (width 0.1))
    (fp_line (start -0.258578 -0.71) (end 0.258578 -0.71) (layer F.SilkS) (width 0.12))
    (fp_line (start -0.258578 0.71) (end 0.258578 0.71) (layer F.SilkS) (width 0.12))
    (fp_line (start -1.68 0.95) (end -1.68 -0.95) (layer F.CrtYd) (width 0.05))
    (fp_line (start -1.68 -0.95) (end 1.68 -0.95) (layer F.CrtYd) (width 0.05))
    (fp_line (start 1.68 -0.95) (end 1.68 0.95) (layer F.CrtYd) (width 0.05))
    (fp_line (start 1.68 0.95) (end -1.68 0.95) (layer F.CrtYd) (width 0.05))
    (fp_text user %R (at 0 0) (layer F.Fab)
      (effects (font (size 0.5 0.5) (thickness 0.08)))
    )
    (pad 1 smd roundrect (at -0.9375 0) (size 0.975 1.4) (layers F.Cu F.Paste F.Mask) (roundrect_rratio 0.25)
      (net 1 VDD))
    (pad 2 smd roundrect (at 0.9375 0) (size 0.975 1.4) (layers F.Cu F.Paste F.Mask) (roundrect_rratio 0.25)
      (net 3 GND))
    (model ${KISYS3DMOD}/Capacitor_SMD.3dshapes/C_0805_2012Metric.wrl
      (at (xyz 0 0 0))
      (scale (xyz 1 1 1))
      (rotate (xyz 0 0 0))
    )
  )

  (module Capacitor_SMD:C_0603_1608Metric (layer F.Cu) (tedit 5B301BBE) (tstamp 5B610856)
    (at 130.3275 104.14 180)
    (descr "Capacitor SMD 0603 (1608 Metric), square (rectangular) end terminal, IPC_7351 nominal, (Body size source: http://www.tortai-tech.com/upload/download/2011102023233369053.pdf), generated with kicad-footprint-generator")
    (tags capacitor)
    (path /5B4C28C2)
    (attr smd)
    (fp_text reference C4 (at 0 -1.43 180) (layer F.SilkS)
      (effects (font (size 1 1) (thickness 0.15)))
    )
    (fp_text value 20pF (at 0 1.43 180) (layer F.Fab)
      (effects (font (size 1 1) (thickness 0.15)))
    )
    (fp_text user %R (at 0 0 180) (layer F.Fab)
      (effects (font (size 0.4 0.4) (thickness 0.06)))
    )
    (fp_line (start 1.48 0.73) (end -1.48 0.73) (layer F.CrtYd) (width 0.05))
    (fp_line (start 1.48 -0.73) (end 1.48 0.73) (layer F.CrtYd) (width 0.05))
    (fp_line (start -1.48 -0.73) (end 1.48 -0.73) (layer F.CrtYd) (width 0.05))
    (fp_line (start -1.48 0.73) (end -1.48 -0.73) (layer F.CrtYd) (width 0.05))
    (fp_line (start -0.162779 0.51) (end 0.162779 0.51) (layer F.SilkS) (width 0.12))
    (fp_line (start -0.162779 -0.51) (end 0.162779 -0.51) (layer F.SilkS) (width 0.12))
    (fp_line (start 0.8 0.4) (end -0.8 0.4) (layer F.Fab) (width 0.1))
    (fp_line (start 0.8 -0.4) (end 0.8 0.4) (layer F.Fab) (width 0.1))
    (fp_line (start -0.8 -0.4) (end 0.8 -0.4) (layer F.Fab) (width 0.1))
    (fp_line (start -0.8 0.4) (end -0.8 -0.4) (layer F.Fab) (width 0.1))
    (pad 2 smd roundrect (at 0.7875 0 180) (size 0.875 0.95) (layers F.Cu F.Paste F.Mask) (roundrect_rratio 0.25)
      (net 3 GND))
    (pad 1 smd roundrect (at -0.7875 0 180) (size 0.875 0.95) (layers F.Cu F.Paste F.Mask) (roundrect_rratio 0.25)
      (net 6 "Net-(C4-Pad1)"))
    (model ${KISYS3DMOD}/Capacitor_SMD.3dshapes/C_0603_1608Metric.wrl
      (at (xyz 0 0 0))
      (scale (xyz 1 1 1))
      (rotate (xyz 0 0 0))
    )
  )

  (module Capacitor_SMD:C_0603_1608Metric (layer F.Cu) (tedit 5B301BBE) (tstamp 5B610867)
    (at 136.3725 104.14)
    (descr "Capacitor SMD 0603 (1608 Metric), square (rectangular) end terminal, IPC_7351 nominal, (Body size source: http://www.tortai-tech.com/upload/download/2011102023233369053.pdf), generated with kicad-footprint-generator")
    (tags capacitor)
    (path /5B4C281D)
    (attr smd)
    (fp_text reference C5 (at 0 -1.43) (layer F.SilkS)
      (effects (font (size 1 1) (thickness 0.15)))
    )
    (fp_text value 20pF (at 0 1.43) (layer F.Fab)
      (effects (font (size 1 1) (thickness 0.15)))
    )
    (fp_line (start -0.8 0.4) (end -0.8 -0.4) (layer F.Fab) (width 0.1))
    (fp_line (start -0.8 -0.4) (end 0.8 -0.4) (layer F.Fab) (width 0.1))
    (fp_line (start 0.8 -0.4) (end 0.8 0.4) (layer F.Fab) (width 0.1))
    (fp_line (start 0.8 0.4) (end -0.8 0.4) (layer F.Fab) (width 0.1))
    (fp_line (start -0.162779 -0.51) (end 0.162779 -0.51) (layer F.SilkS) (width 0.12))
    (fp_line (start -0.162779 0.51) (end 0.162779 0.51) (layer F.SilkS) (width 0.12))
    (fp_line (start -1.48 0.73) (end -1.48 -0.73) (layer F.CrtYd) (width 0.05))
    (fp_line (start -1.48 -0.73) (end 1.48 -0.73) (layer F.CrtYd) (width 0.05))
    (fp_line (start 1.48 -0.73) (end 1.48 0.73) (layer F.CrtYd) (width 0.05))
    (fp_line (start 1.48 0.73) (end -1.48 0.73) (layer F.CrtYd) (width 0.05))
    (fp_text user %R (at 0 0) (layer F.Fab)
      (effects (font (size 0.4 0.4) (thickness 0.06)))
    )
    (pad 1 smd roundrect (at -0.7875 0) (size 0.875 0.95) (layers F.Cu F.Paste F.Mask) (roundrect_rratio 0.25)
      (net 7 "Net-(C5-Pad1)"))
    (pad 2 smd roundrect (at 0.7875 0) (size 0.875 0.95) (layers F.Cu F.Paste F.Mask) (roundrect_rratio 0.25)
      (net 3 GND))
    (model ${KISYS3DMOD}/Capacitor_SMD.3dshapes/C_0603_1608Metric.wrl
      (at (xyz 0 0 0))
      (scale (xyz 1 1 1))
      (rotate (xyz 0 0 0))
    )
  )

  (module Capacitor_SMD:C_0603_1608Metric (layer F.Cu) (tedit 5B301BBE) (tstamp 5B610878)
    (at 130.2765 111.506)
    (descr "Capacitor SMD 0603 (1608 Metric), square (rectangular) end terminal, IPC_7351 nominal, (Body size source: http://www.tortai-tech.com/upload/download/2011102023233369053.pdf), generated with kicad-footprint-generator")
    (tags capacitor)
    (path /5B406B2F)
    (attr smd)
    (fp_text reference C6 (at 0 -1.43) (layer F.SilkS)
      (effects (font (size 1 1) (thickness 0.15)))
    )
    (fp_text value 100nF (at 0 1.43) (layer F.Fab)
      (effects (font (size 1 1) (thickness 0.15)))
    )
    (fp_line (start -0.8 0.4) (end -0.8 -0.4) (layer F.Fab) (width 0.1))
    (fp_line (start -0.8 -0.4) (end 0.8 -0.4) (layer F.Fab) (width 0.1))
    (fp_line (start 0.8 -0.4) (end 0.8 0.4) (layer F.Fab) (width 0.1))
    (fp_line (start 0.8 0.4) (end -0.8 0.4) (layer F.Fab) (width 0.1))
    (fp_line (start -0.162779 -0.51) (end 0.162779 -0.51) (layer F.SilkS) (width 0.12))
    (fp_line (start -0.162779 0.51) (end 0.162779 0.51) (layer F.SilkS) (width 0.12))
    (fp_line (start -1.48 0.73) (end -1.48 -0.73) (layer F.CrtYd) (width 0.05))
    (fp_line (start -1.48 -0.73) (end 1.48 -0.73) (layer F.CrtYd) (width 0.05))
    (fp_line (start 1.48 -0.73) (end 1.48 0.73) (layer F.CrtYd) (width 0.05))
    (fp_line (start 1.48 0.73) (end -1.48 0.73) (layer F.CrtYd) (width 0.05))
    (fp_text user %R (at 0 0) (layer F.Fab)
      (effects (font (size 0.4 0.4) (thickness 0.06)))
    )
    (pad 1 smd roundrect (at -0.7875 0) (size 0.875 0.95) (layers F.Cu F.Paste F.Mask) (roundrect_rratio 0.25)
      (net 3 GND))
    (pad 2 smd roundrect (at 0.7875 0) (size 0.875 0.95) (layers F.Cu F.Paste F.Mask) (roundrect_rratio 0.25)
      (net 1 VDD))
    (model ${KISYS3DMOD}/Capacitor_SMD.3dshapes/C_0603_1608Metric.wrl
      (at (xyz 0 0 0))
      (scale (xyz 1 1 1))
      (rotate (xyz 0 0 0))
    )
  )

  (module Capacitor_SMD:C_0603_1608Metric (layer B.Cu) (tedit 5B301BBE) (tstamp 5B610889)
    (at 134.8485 125.984 180)
    (descr "Capacitor SMD 0603 (1608 Metric), square (rectangular) end terminal, IPC_7351 nominal, (Body size source: http://www.tortai-tech.com/upload/download/2011102023233369053.pdf), generated with kicad-footprint-generator")
    (tags capacitor)
    (path /5B406AFB)
    (attr smd)
    (fp_text reference C7 (at 0 1.43 180) (layer B.SilkS)
      (effects (font (size 1 1) (thickness 0.15)) (justify mirror))
    )
    (fp_text value 100nF (at 0 -1.43 180) (layer B.Fab)
      (effects (font (size 1 1) (thickness 0.15)) (justify mirror))
    )
    (fp_line (start -0.8 -0.4) (end -0.8 0.4) (layer B.Fab) (width 0.1))
    (fp_line (start -0.8 0.4) (end 0.8 0.4) (layer B.Fab) (width 0.1))
    (fp_line (start 0.8 0.4) (end 0.8 -0.4) (layer B.Fab) (width 0.1))
    (fp_line (start 0.8 -0.4) (end -0.8 -0.4) (layer B.Fab) (width 0.1))
    (fp_line (start -0.162779 0.51) (end 0.162779 0.51) (layer B.SilkS) (width 0.12))
    (fp_line (start -0.162779 -0.51) (end 0.162779 -0.51) (layer B.SilkS) (width 0.12))
    (fp_line (start -1.48 -0.73) (end -1.48 0.73) (layer B.CrtYd) (width 0.05))
    (fp_line (start -1.48 0.73) (end 1.48 0.73) (layer B.CrtYd) (width 0.05))
    (fp_line (start 1.48 0.73) (end 1.48 -0.73) (layer B.CrtYd) (width 0.05))
    (fp_line (start 1.48 -0.73) (end -1.48 -0.73) (layer B.CrtYd) (width 0.05))
    (fp_text user %R (at 0 0 180) (layer B.Fab)
      (effects (font (size 0.4 0.4) (thickness 0.06)) (justify mirror))
    )
    (pad 1 smd roundrect (at -0.7875 0 180) (size 0.875 0.95) (layers B.Cu B.Paste B.Mask) (roundrect_rratio 0.25)
      (net 3 GND))
    (pad 2 smd roundrect (at 0.7875 0 180) (size 0.875 0.95) (layers B.Cu B.Paste B.Mask) (roundrect_rratio 0.25)
      (net 1 VDD))
    (model ${KISYS3DMOD}/Capacitor_SMD.3dshapes/C_0603_1608Metric.wrl
      (at (xyz 0 0 0))
      (scale (xyz 1 1 1))
      (rotate (xyz 0 0 0))
    )
  )

  (module Capacitor_SMD:C_0603_1608Metric (layer F.Cu) (tedit 5B301BBE) (tstamp 5B61089A)
    (at 130.5305 121.158)
    (descr "Capacitor SMD 0603 (1608 Metric), square (rectangular) end terminal, IPC_7351 nominal, (Body size source: http://www.tortai-tech.com/upload/download/2011102023233369053.pdf), generated with kicad-footprint-generator")
    (tags capacitor)
    (path /5B406AC9)
    (attr smd)
    (fp_text reference C8 (at 0 -1.43) (layer F.SilkS)
      (effects (font (size 1 1) (thickness 0.15)))
    )
    (fp_text value 100nF (at 0 1.43) (layer F.Fab)
      (effects (font (size 1 1) (thickness 0.15)))
    )
    (fp_text user %R (at 0 0) (layer F.Fab)
      (effects (font (size 0.4 0.4) (thickness 0.06)))
    )
    (fp_line (start 1.48 0.73) (end -1.48 0.73) (layer F.CrtYd) (width 0.05))
    (fp_line (start 1.48 -0.73) (end 1.48 0.73) (layer F.CrtYd) (width 0.05))
    (fp_line (start -1.48 -0.73) (end 1.48 -0.73) (layer F.CrtYd) (width 0.05))
    (fp_line (start -1.48 0.73) (end -1.48 -0.73) (layer F.CrtYd) (width 0.05))
    (fp_line (start -0.162779 0.51) (end 0.162779 0.51) (layer F.SilkS) (width 0.12))
    (fp_line (start -0.162779 -0.51) (end 0.162779 -0.51) (layer F.SilkS) (width 0.12))
    (fp_line (start 0.8 0.4) (end -0.8 0.4) (layer F.Fab) (width 0.1))
    (fp_line (start 0.8 -0.4) (end 0.8 0.4) (layer F.Fab) (width 0.1))
    (fp_line (start -0.8 -0.4) (end 0.8 -0.4) (layer F.Fab) (width 0.1))
    (fp_line (start -0.8 0.4) (end -0.8 -0.4) (layer F.Fab) (width 0.1))
    (pad 2 smd roundrect (at 0.7875 0) (size 0.875 0.95) (layers F.Cu F.Paste F.Mask) (roundrect_rratio 0.25)
      (net 1 VDD))
    (pad 1 smd roundrect (at -0.7875 0) (size 0.875 0.95) (layers F.Cu F.Paste F.Mask) (roundrect_rratio 0.25)
      (net 3 GND))
    (model ${KISYS3DMOD}/Capacitor_SMD.3dshapes/C_0603_1608Metric.wrl
      (at (xyz 0 0 0))
      (scale (xyz 1 1 1))
      (rotate (xyz 0 0 0))
    )
  )

  (module Capacitor_SMD:C_0603_1608Metric (layer F.Cu) (tedit 5B301BBE) (tstamp 5B6108AB)
    (at 52.375001 68.215001)
    (descr "Capacitor SMD 0603 (1608 Metric), square (rectangular) end terminal, IPC_7351 nominal, (Body size source: http://www.tortai-tech.com/upload/download/2011102023233369053.pdf), generated with kicad-footprint-generator")
    (tags capacitor)
    (path /5B406A99)
    (attr smd)
    (fp_text reference C9 (at 0 -1.43) (layer F.SilkS)
      (effects (font (size 1 1) (thickness 0.15)))
    )
    (fp_text value 100nF (at 0 1.43) (layer F.Fab)
      (effects (font (size 1 1) (thickness 0.15)))
    )
    (fp_line (start -0.8 0.4) (end -0.8 -0.4) (layer F.Fab) (width 0.1))
    (fp_line (start -0.8 -0.4) (end 0.8 -0.4) (layer F.Fab) (width 0.1))
    (fp_line (start 0.8 -0.4) (end 0.8 0.4) (layer F.Fab) (width 0.1))
    (fp_line (start 0.8 0.4) (end -0.8 0.4) (layer F.Fab) (width 0.1))
    (fp_line (start -0.162779 -0.51) (end 0.162779 -0.51) (layer F.SilkS) (width 0.12))
    (fp_line (start -0.162779 0.51) (end 0.162779 0.51) (layer F.SilkS) (width 0.12))
    (fp_line (start -1.48 0.73) (end -1.48 -0.73) (layer F.CrtYd) (width 0.05))
    (fp_line (start -1.48 -0.73) (end 1.48 -0.73) (layer F.CrtYd) (width 0.05))
    (fp_line (start 1.48 -0.73) (end 1.48 0.73) (layer F.CrtYd) (width 0.05))
    (fp_line (start 1.48 0.73) (end -1.48 0.73) (layer F.CrtYd) (width 0.05))
    (fp_text user %R (at 0 0) (layer F.Fab)
      (effects (font (size 0.4 0.4) (thickness 0.06)))
    )
    (pad 1 smd roundrect (at -0.7875 0) (size 0.875 0.95) (layers F.Cu F.Paste F.Mask) (roundrect_rratio 0.25)
      (net 3 GND))
    (pad 2 smd roundrect (at 0.7875 0) (size 0.875 0.95) (layers F.Cu F.Paste F.Mask) (roundrect_rratio 0.25)
      (net 1 VDD))
    (model ${KISYS3DMOD}/Capacitor_SMD.3dshapes/C_0603_1608Metric.wrl
      (at (xyz 0 0 0))
      (scale (xyz 1 1 1))
      (rotate (xyz 0 0 0))
    )
  )

  (module Capacitor_SMD:C_0603_1608Metric (layer F.Cu) (tedit 5B301BBE) (tstamp 5B6108BC)
    (at 46.355001 77.47)
    (descr "Capacitor SMD 0603 (1608 Metric), square (rectangular) end terminal, IPC_7351 nominal, (Body size source: http://www.tortai-tech.com/upload/download/2011102023233369053.pdf), generated with kicad-footprint-generator")
    (tags capacitor)
    (path /5B401CD7)
    (attr smd)
    (fp_text reference C10 (at 0 -1.43) (layer F.SilkS)
      (effects (font (size 1 1) (thickness 0.15)))
    )
    (fp_text value 100nF (at 0 1.43) (layer F.Fab)
      (effects (font (size 1 1) (thickness 0.15)))
    )
    (fp_line (start -0.8 0.4) (end -0.8 -0.4) (layer F.Fab) (width 0.1))
    (fp_line (start -0.8 -0.4) (end 0.8 -0.4) (layer F.Fab) (width 0.1))
    (fp_line (start 0.8 -0.4) (end 0.8 0.4) (layer F.Fab) (width 0.1))
    (fp_line (start 0.8 0.4) (end -0.8 0.4) (layer F.Fab) (width 0.1))
    (fp_line (start -0.162779 -0.51) (end 0.162779 -0.51) (layer F.SilkS) (width 0.12))
    (fp_line (start -0.162779 0.51) (end 0.162779 0.51) (layer F.SilkS) (width 0.12))
    (fp_line (start -1.48 0.73) (end -1.48 -0.73) (layer F.CrtYd) (width 0.05))
    (fp_line (start -1.48 -0.73) (end 1.48 -0.73) (layer F.CrtYd) (width 0.05))
    (fp_line (start 1.48 -0.73) (end 1.48 0.73) (layer F.CrtYd) (width 0.05))
    (fp_line (start 1.48 0.73) (end -1.48 0.73) (layer F.CrtYd) (width 0.05))
    (fp_text user %R (at 0 0) (layer F.Fab)
      (effects (font (size 0.4 0.4) (thickness 0.06)))
    )
    (pad 1 smd roundrect (at -0.7875 0) (size 0.875 0.95) (layers F.Cu F.Paste F.Mask) (roundrect_rratio 0.25)
      (net 3 GND))
    (pad 2 smd roundrect (at 0.7875 0) (size 0.875 0.95) (layers F.Cu F.Paste F.Mask) (roundrect_rratio 0.25)
      (net 1 VDD))
    (model ${KISYS3DMOD}/Capacitor_SMD.3dshapes/C_0603_1608Metric.wrl
      (at (xyz 0 0 0))
      (scale (xyz 1 1 1))
      (rotate (xyz 0 0 0))
    )
  )

  (module Capacitor_SMD:C_0603_1608Metric (layer F.Cu) (tedit 5B301BBE) (tstamp 5B6108CD)
    (at 55.6005 73.914)
    (descr "Capacitor SMD 0603 (1608 Metric), square (rectangular) end terminal, IPC_7351 nominal, (Body size source: http://www.tortai-tech.com/upload/download/2011102023233369053.pdf), generated with kicad-footprint-generator")
    (tags capacitor)
    (path /5B401D0B)
    (attr smd)
    (fp_text reference C11 (at 0 -1.43) (layer F.SilkS)
      (effects (font (size 1 1) (thickness 0.15)))
    )
    (fp_text value 1uF (at 0 1.43) (layer F.Fab)
      (effects (font (size 1 1) (thickness 0.15)))
    )
    (fp_text user %R (at 0 0) (layer F.Fab)
      (effects (font (size 0.4 0.4) (thickness 0.06)))
    )
    (fp_line (start 1.48 0.73) (end -1.48 0.73) (layer F.CrtYd) (width 0.05))
    (fp_line (start 1.48 -0.73) (end 1.48 0.73) (layer F.CrtYd) (width 0.05))
    (fp_line (start -1.48 -0.73) (end 1.48 -0.73) (layer F.CrtYd) (width 0.05))
    (fp_line (start -1.48 0.73) (end -1.48 -0.73) (layer F.CrtYd) (width 0.05))
    (fp_line (start -0.162779 0.51) (end 0.162779 0.51) (layer F.SilkS) (width 0.12))
    (fp_line (start -0.162779 -0.51) (end 0.162779 -0.51) (layer F.SilkS) (width 0.12))
    (fp_line (start 0.8 0.4) (end -0.8 0.4) (layer F.Fab) (width 0.1))
    (fp_line (start 0.8 -0.4) (end 0.8 0.4) (layer F.Fab) (width 0.1))
    (fp_line (start -0.8 -0.4) (end 0.8 -0.4) (layer F.Fab) (width 0.1))
    (fp_line (start -0.8 0.4) (end -0.8 -0.4) (layer F.Fab) (width 0.1))
    (pad 2 smd roundrect (at 0.7875 0) (size 0.875 0.95) (layers F.Cu F.Paste F.Mask) (roundrect_rratio 0.25)
      (net 1 VDD))
    (pad 1 smd roundrect (at -0.7875 0) (size 0.875 0.95) (layers F.Cu F.Paste F.Mask) (roundrect_rratio 0.25)
      (net 3 GND))
